0000000000000000000000000000000000000000000000000000000000000000000000000000000000000000000000000000000000000000000000000000000000000000000000000000000000000000000000000000000000000000000000000000000000000000000000000000000000000000000000000000000000000000
0111100101111010011010001111000101100011010111010100110000100110110100111000101010010110010100010010111110110011110110101010001010100010101110100000001000100101011110001011100101001011000001010000111000110011011111101111011011110101001101101111011100001010
1000111000000110100001110000111110111110101000101011001111011001000110000111010111101101101111101101000000010100011001010101110101110110010001001011110111011010100001110100011110110100011011101011000111001100100000000000100100000010110110010000100011110101
1000011010100110100101110100111110101110001000100011101110001001010001000111010010101001101010101100000000001100101001010101100101010111000001001011110111011010100001101110011010110100111110100101000111001100100000000000100100001010110110010000100011110001
1000011110000110100101110000111010011000101000101011001111011001001011000111110100100001101010101101000001001100011001010101110111010100010001011110110111011011100001110100011110110110111011101011010111001100100000010001100100001010110010010000100011110100
1001011010001110110101110100011010010100101000101011001111010001000011000011000011101101101000001101000001001100001001110101110111011100000001011110111111010111101001110101011011110110111111101111000111001101100010110101100100001000110010010000110011110101
1001111000000110110101110000111010010101101110101100001111010001101010000011010101001001101011101101010000110100001001010101111101001111001101011111011111010111100011010010011011110110011111100111000111001001101000010010100110001010110100000000100010110101
1001011000000110110101111000111010111100101100101011001111000001100011000111110100100101101011101101000000101100001001110101110101000101000001011111101101010110100101111100011011110110111111100111000111001100100010000000100100001010110110010000100011110101
1011011100010100111101101000111010111000101101100010001111011001001001001011110100000001001111001101000010010100110000100101110111110100010001001111110110011001100001001100011110100000111001100011010111101000101001010011100101001000111011010000100011111100
1000100000001100100001110010111110011000101000100011000111011001001011000011000111101001001010001100000011000100101001010000010101000101000001001010110100111010101000110101001010111010011110101001100111001100100000010001101100001110111011110110000010100111
1010111110100101000000111000111010001100011100101010001010010001000011000111000100100001111100100101001101101100011001010101110001000110110001011011101101011011100001110100011011110110011010100111000101001110101010010101000100101011110110010000100011110101
1100011011000110100101010100100010011100101000100011001111010001000011000110000000101101000010001100001001100100000001100101111101010101011101100101101111010010100001000101011010110110111011101111000111001000100110110100010100001000110010010000110011111101
1001000000000101101001011010111111010101101110101100001111110001100011100001010101011000000011101010011111111100001101110101000110101101010001011011010100001000100010100001010010110011010110111011100010111101000000010010111100010000111010100000110101010011
1011011010000100100101110000111011011110101010100001000010011101100001100010000110101001001001101101000111011100001001010101110001111100111001111111100011011010100001110010011111010001111011101101001111000100101000011001100110001010110010000000110101110011
1000001010000101000101100100010110010100101000100000001101011101000011101011010011101000101111001101001011111100100100010101101111000111000011011001110001000000110100000100111011110001111110100111010010001000111001011000000000001000110010010000111011111001
0111000111111011001110001111000101000011110110011001110000101110110100111101111001010111110001010011101101010011110111011010001010011001100110110100000011000111001111101011100100001001100100011110111000110110010110001010111011110110001101001111011101001010
0111000111111011001110001111000101000011110110011001110000101110110100111101111001010111110001010011101101010011110111011010001010011001100110110100000011000111001111101011100100001001100100011110111000110110010110001010111011110110001101001111011101001010
0111000111111011001110001111000101000011110110011001110000101110110100111101111001010111110001010011101101010011110111011010001010011001100110110100000011000111001111101011100100001001100100011110111000110110010110001010111011110110001101001111011101001010
0111000111111011011110001111000101000011110110011001110000101110110000111101111000010111110001010011101101010011110111011010001010011001100110110100000011000111001111101011100100001001100100011110111000110110010110001010111011110110001101001111011101001010
0111000111111011001110001111000101000011110110011001110000101110110100111101111001010111110001010011101101010011110111011010001010011001100110110100000011000111001111101011100100001001100100011110111000110110010110001010111011110110001101001111011101001010
0111000111111011001110001111000101000011110110011001110000101110110100111101111001010111110001010011101101010011110111011010001010011001100110110100000011000111001111101011100100001001100100011110111000110110010110001010111011110110001101001111011101001010
0111000111111011001110001111000101000011110110011001110000101110110100111101111001010111110001010011101101010011110111011010001010011001100110110100000011000111001111101011100100001001100100011110111000110110010110001010111011110110001101001111011101001010
0111000111111011001110001111000101000011110110011001110000101110110100111101111001010111110001010011101101010011110111011010001010011001100110110100000011000111001111101011100100001001100100011110111000110110010110001010111011110110001101001111011101001010
0111000111111011011110001111000101000011110110011001110000101110110000111101111000010111110001010011101101010011110111011010001010011001100110110100000011000111001111101011100100001001100100011110111000110110010110001010111011110110001101001111011101001010
0111000111111011001110001111000101000011110110011001110000101110110100111101111001010111110001010001101101010011110110011010001010011001100110110100000011000111001111101011100100001001100100011110111000110110010110001010111011110010001101001111011101001010
0111000111111011001110001111000101000011110110011001110000101110110100111101111000010111110001010011101101010011110111011010001010011001100110110100000011000111001111101011100100001001100100011110111000110110010110001010111011110110001101001111011101001010
0111000111111011001110001111000101000011110110011001110000101110110100111101111001010111110001010011101101010011110111011010001010011001100110110100000011000111001111101011100100001001100100011110111000110110010110001010111011110110001101001111011101001010
0111000111111011001110001111000101000011110110011001110000101110110100111101111001010111110001010011101101010011110111011010001010011001100110110100000011000111001111101011100100001001100100011110111000110110010110001010111011110110001101001111011101001010
0111000111111011001110001111000101000011110110011001110000101110110100111101111001010111110001010011101101010011110111011010001010011001100110110100000011000111001111101011100100001001100100011110111000110110010110001010111011110110001101001111011101001010
0111000111111011001110001111000101000011110110011001110000101110110100111101111001010111110001010011101101010011110111011010001010011001100110110100000011000111001111101011100100001001100100011110111000110110010110001010111011110110001101001111011101001010
0111000111111011001110001111000101000011110110011001110000101110110100111101111000010111110001010011101101010011110111011010001010011001100110110100000011000111001111101011100100001001100100011110111000110110010110001010111011110110001101001111011101001010
0111000111111011001110001111000101000011110110011001110000101110110100111101111001010111110001010011101101010011110111011010001010011001100110110100000011000111001111101011100100001001100100011110111000110110010110001010111011110110001101001111011101001010
0111000111111011001110001111000101000011110110011001110000101110110100111101111001010111110001010011101101010011110111011010001010011001100110110100000011000111001111101011100100001001100100011110111000110110010110001010111011110110001101001111011101001010
0111000111111011001110001111000101000011110110011001110000101110110100111101111001010111110001010011101101010011110111011010001010011001100110110100000011000111001111101011100100001001100100011110111000110110010110001010111011110110001101001111011101001010
0111000111111011011110001111000101000011110110010001110000101110111100111101111001010111110001010011101101010011110111011010001010011001100110110100000011000111001111101011100100001001100100011110111000110110010110001010111011110110001101001111011101001010
0111000111111011001110001111000101000011110110011001110000101110110100111101111001010111110001010011101101010011110111011010001010011001100110110100000011000111001111101011100100001001100100011110111000110110010110001010111011110110001101001111011101001010
0111000111111011001110001111000101000011110110011001110000101110110100111101111001010111110001010011101101010011110111011010001010011001100110110100000011000111001111101011100100001001100100011110111000110110010110001010111011110110001101001111011101001010
0111000111111011001110001111000101000011110110011001110000101110110100111101111001010111110001010011101101010011110111011010001010011001100110110100000011000111001111101011100100001001100100011110111000110110010110001010111011110110001101001111011101001010
0111000111111011001110001111000101000011110110011001110000101110110100111101111001010111110001010011101101010011110111011010001010011001100110110100000011000111001111101011100100001001100100011110111000110110010110001010111011110110001101001111011101001010
0111000111111011001110001111000101000011110110011001110000101110110100111101111001010111110001010011101101010011110111011010001010011001100110110100000011000111001111101011100100001001100100011110111000110110010110001010111011110110001101001111011101001010
0111000111111011001110001111000101000011110110011001110000101110110100111101111001010111110001010011101101010011110111011010001010011001100110110100000011000111001111101011100100001001100100011110111000110110010110001010111011110110001101001111011101001010
0111000111111011001110001111000101000011110110011001110000101110110100111101111001010111110001010011101101010011110111011010001010011001100110110100000011000111001111101011100100001001100100011110111000110110010110001010111011110110001101001111011101001010
0111000111111011001110001111000101000011110110011001110000101110110100111101111001010111110001010011101101010011110111011010001010011001100110110100000011000111001111101011100100001001100100011110111000110110010110001010111011110110001101001111011101001010
0111000111111011001110001111000101000011110110011001110000101110110100111101111001010111110001010011101101010011110111011010001010011001100110110100000011000111001111101011100100001001100100011110111000110110010110001010111011110110001101001111011101001010
0111000111111011001110001111000101000011110110011001110000101110110100111101111001010111110001010011101101010011110111011010001010011001100110110100000011000111001111101011100100001001100100011110111000110110010110001010111011110110001101001111011101001010
0111000111111011001110001111000101000011110110011001110000101110110100111101111001010111110001010011101101010011110111011010001010011001100110110100000011000111001111101011100100001001100100011110111000110110010110001010111011110110001101001111011101001010
0111000111111011001110001111000101000011110110011001110000101110110100111101111001010111110001010011101101010011110111011010001010011001100110110100000011000111001111101011100100001001100100011110111000110110010110001010111011110110001101001111011101001010
0111000111111011001110001111000101000011110110011001110000101110110100111101111001010111110001010011101101010011110111011010001010011001100110110100000011000111001111101011100100001001100100011110111000110110010110001010111011110110001101001111011101001010
0111000111111011001110001111000101000011110110011001110000101110110100111101111001010111110001010011101101010011110111011010001010011001100110110100000011000111001111101011100100001001100100011110111000110110010110001010111011110110001101001111011101001010
0111000111111011001110001111000101000011110110011001110000101110110100111101111000010111110001010011101101010011110111011010001010011001100110110100000011000111001111101011100100001001100100011110111000110110010110001010111011110110001101001111011101001010
0111000111111011011110001111000101000011110110010001110000101110111100111101111001010111110001010011101101010011110111011010001010011001100110110100000011000111001111101011100100001001100100011110111000110110010110001010111011110110001101001111011101001010
0111000111111011001110001111000101000011110110011001110000101110110100111101111001010111110001010011101101010011110111011010001010011001100110110100000011000111001111101011100100001001100100011110111000110110010110001010111011110110001101001111011101001010
